584
598
612
614
597
580
576
594
629
660
687
695
725
749
775
774
768
743
720
706
711
716
721
726
735
752
760
765
769
783
794
790
790
784
792
797
808
825
841
871
889
907
915
946
977
1010
1027
1041
1041
1034
1030
1034
1022
1009
980
973
969
979
987
979
992
1001
1025
1038
1058
1086
1109
1135
1160
1217
1261
1296
1299
1303
1320
1344
1383
1410
1433
1449
1460
1465
1470
1483
1506
1542
1579
1593
1565
1534
1524
1538
1550
1552
1549
1547
1551
1552
1552
1548
1559
1557
1530
1491
1461
1453
1440
1432
1430
1435
1433
1435
1436
1443
1444
1448
1449
1447
1440
1436
1437
1443
1459
1494
1531
1554
1547
1524
1488
1497
1522
1565
1574
1582
1601
1615
1628
1616
1603
1588
1583
1553
1546
1546
1565
1577
1586
1606
1615
1652
1687
1719
1695
1672
1657
1676
1695
1706
1710
1711
1728
1749
1779
1812
1850
1877
1909
1938
1967
1978
1980
1990
2008
2034
2070
2103
2131
2140
2140
2147
2155
2164
2163
2164
2172
2175
2181
2182
2193
2203
2210
2220
2223
2231
2231
2250
2258
2267
2264
2265
2268
2271
2274
2277
2282
2322
2362
2409
2435
2461
2480
2496
2518
2541
2555
2565
2569
2588
2624
2665
2683
2714
2749
2792
2798
2819
2855
2891
2891
2877
2851
2848
2843
2825
2797
2778
2793
2814
2825
2851
2860
2851
2800
2749
2716
2706
2709
2708
2714
2720
2728
2748
2768
2788
2783
2769
2744
2717
2706
2710
2712
2705
2700
2708
2734
2746
2758
2745
2745
2742
2757
2773
2790
2829
2865
2900
2914
2928
2957
2987
3018
3031
3033
3057
3082
3120
3134
3147
3151
3155
3162
3162
3154
3154
3170
3191
3198
3210
3222
3251
3263
3279
3281
3288
3284
3284
3291
3309
3321
3325
3337
3372
3402
3429
3438
3459
3477
3493
3494
3492
3492
3498
3516
3539
3556
3559
3536
3519
3510
3522
3532
3539
3544
3553
3561
3560
3555
3568
3590
3611
3613
3611
3622
3648
3681
3705
3716
3717
3717
3716
3719
3720
3719
3744
3763
3789
3783
3785
3783
3790
3790
3785
3783
3787
3790
3794
3791
3791
3793
3802
3821
3839
3855
3857
3851
3843
3839
3847
3857
3869
3868
3872
3881
3923
3973
4022
4040
4045
4049
4058
4069
4075
4082
4092
4098
4104
4105
4107
4111
4117
4134
4152
4176
4202
4226
4222
4209
4222
4259
4303
4319
4322
4347
4372
4406
4423
4439
4458
4472
4455
4435
4405
4402
4392
4384
4377
4377
4377
4381
4389
4408
4445
4479
4512
4528
4543
4550
4559
4581
4609
4643
4668
4694
4720
4749
4782
4830
4868
4899
4907
4910
4935
4972
5020
5037
5041
5043
5048
5071
5097
5118
5116
5108
5103
5108
5115
5132
5134
5144
5148
5177
5199
5224
5234
5244
5249
5258
5266
5280
5290
5281
5246
5211
5207
5228
5248
5253
5249
5243
5244
5253
5273
5289
5302
5303
5311
5348
5393
5426
5429
5462
5500
5539
5554
5572
5590
5598
5608
5595
5579
5553
5535
5534
5536
5544
5535
5520
5539
5562
5586
5610
5632
5661
5675
5714
5768
5812
5831
5835
5836
5830
5830
5836
5843
5848
5854
5879
5913
5942
5958
5963
5968
5973
5974
5969
5966
5966
5978
5985
5996
6001
6012
6019
6026
6008
5990
5970
5972
5982
6008
6034
6059
6071
6093
6105
6130
6138
6152
6148
6151
6151
6159
6164
6165
6159
6146
6120
6105
6089
6102
6108
6128
6133
6141
6146
6173
6196
6220
6220
6225
6227
6237
6246
6243
6240
6227
6223
6215
6211
6215
6220
6227
6237
6247
6259
6277
6291
6304
6306
6316
6326
6315
6309
6304
6315
6341
6335
6334
6306
6308
6316
6330
6344
6355
6358
6367
6372
6381
6403
6435
6467
6476
6482
6495
6507
6512
6514
6506
6487
6475
6486
6544
6592
6629
6643
6654
6666
6663
6667
6674
6683
6683
6689
6674
6660
6642
6643
6651
6658
6671
6685
6695
6702
6701
6703
6732
6762
6789
6810
6834
6875
6876
6876
6852
6846
6844
6844
6845
6851
6867
6908
6940
6977
6992
7009
7020
7027
7057
7085
7111
7118
7132
7152
7164
7175
7186
7204
7218
7228
7233
7236
7240
7250
7256
7272
7289
7314
7330
7348
7347
7355
7364
7404
7420
7426
7424
7439
7457
7446
7431
7424
7435
7444
7451
7499
7560
7616
7634
7663
7691
7704
7692
7680
7681
7689
7692
7694
7697
7703
7722
7749
7772
7783
7781
7772
7745
7718
7683
7676
7660
7671
7654
7647
7639
7654
7671
7692
7712
7744
7771
7807
7835
7857
7872
7878
7903
7915
7927
7943
7952
7972
7971
7984
7989
7985
7983
7978
7994
7988
7984
7966
7968
7975
7987
7994
7984
7960
7953
7965
7980
8004
8024
8037
8035
8026
8015
8000
7991
7997
8015
8025
8044
8051
8064
8065
8066
8069
8074
8089
8100
8109
8106
8110
8118
8128
8134
8136
8112
8096
8082
8094
8130
8163
8202
8208
8217
8225
8227
8231
8226
8231
8231
8221
8208
8204
8214
8226
8233
8240
8260
8287
8326
8350
8366
8373
8381
8369
8363
8356
8367
8363
8361
8361
8384
8422
8475
8503
8511
8506
8517
8530
8542
8562
8583
8614
8629
8646
8658
8670
8680
8684
8696
8708
8726
8738
8746
8742
8739
8740
8747
8759
8770
8799
8834
8869
8875
8868
8866
8886
8908
8926
8953
8984
9015
9014
9008
9020
9039
9049
9041
9034
9030
9036
9046
9076
9095
9112
9116
9124
9147
9170
9190
9186
9181
9173
9166
9163
9168
9184
9183
9176
9166
9165
9176
9187
9204
9212
9203
9188
9170
9183
9209
9259
9298
9323
9318
9310
9306
9302
9297
9291
9286
9285
9285
9298
9327
9355
9377
9390
9410
9425
9434
9409
9388
9377
9386
9422
9446
9493
9547
9604
9648
9658
9667
9676
9689
9716
9734
9751
9755
9767
9785
9806
9833
9859
9893
9929
9957
9977
10018
10058
10103
10112
10121
10129
10149
10173
10182
10185
10195
10210
10224
10221
10222
10227
10245
10263
10275
10281
10264
10256
10244
10242
10230
10225
10229
10241
10257
10270
10265
10238
10212
10199
10192
10187
10182
10183
10182
10179
10174
10171
10173
10179
10191
10191
10191
10204
10215
10227
10244
10278
10308
10315
10334
10358
10388
10394
10396
10391
10380
10375
10363
10365
10363
10370
10379
10391
10403
10413
10421
10425
10428
10431
10437
10442
10455
10475
10499
10508
10504
10496
10496
10501
10499
10508
10519
10538
10561
10582
10612
10631
10658
10667
10676
10677
10686
10689
10680
10671
10665
10658
10651
10654
10671
10671
10680
10689
10721
10741
10773
10828
10865
10891
10886
10891
10859
10829
10816
10835
10866
10871
10879
10876
10888
10895
10901
10903
10913
10920
10903
10884
10864
10870
10872
10876
10865
10888
10894
10903
10883
10887
10891
10912
10929
10952
10956
10965
10985
11006
11030
11064
11097
11126
11128
11128
11112
11078
11041
11015
11011
11015
11020
11027
11027
11044
11058
11077
11078
11085
11054
11031
10997
11000
10995
10998
10998
10998
10998
10999
11000
10996
10992
10990
10986
10975
10967
10964
10976
10978
10991
10994
10987
10961
10930
10943
10973
11020
11036
11037
11028
11024
11024
11023
11020
11023
11036
11059
11078
11101
11108
11114
11111
11116
11154
11190
11221
11215
11212
11213
11222
11225
11207
11157
11119
11098
11117
11127
11130
11124
11114
11127
11170
11228
11270
11284
11288
11285
11255
11230
11209
11238
11259
11294
11296
11296
11288
11286
11281
11289
11280
11283
11301
11339
11372
11363
11359
11355
11361
11366
11371
11375
11377
11379
11383
11380
11386
11394
11414
11426
11439
11446
11457
11477
11496
11508
11511
11514
11519
11523
11523
11523
11524
11556
11594
11635
11634
11633
11645
11671
11689
11688
11684
11675
11662
11654
11654
11647
11638
11607
11591
11568
11543
11516
11494
11493
11475
11459
11428
11428
11424
11459
11490
11521
11534
11542
11554
11560
11558
11574
11590
11609
11607
11614
11618
11625
11621
11613
11612
11613
11604
11588
11572
11580
11596
11604
11615
11619
11635
11642
11648
11652
11656
11635
11612
11589
11593
11603
11614
11623
11635
11640
11655
11668
11686
11689
11683
11680
11679
11700
11718
11735
11739
11738
11745
11754
11779
11804
11820
11830
11840
11854
11859
11851
11841
11835
11851
11891
11957
12010
12039
12039
12058
12089
12106
12104
12107
12133
12157
12181
12199
12228
12241
12254
12262
12271
12282
12303
12299
12304
12300
12344
12389
12429
12444
12469
12496
12529
12533
12512
12500
12504
12529
12545
12552
12555
12539
12524
12520
12531
12552
12562
12574
12573
12587
12599
12614
12597
12575
12555
12559
12580
12600
12613
12613
12607
12619
12634
12649
12646
12626
12606
12590
12590
12594
12600
12593
12584
12578
12603
12617
12632
12633
12632
12629
12624
12634
12642
12662
12688
12726
12744
12757
12766
12781
12785
12784
12780
12794
12796
12796
12809
12834
12839
12831
12826
12843
12850
12851
12848
12843
12825
12805
12787
12797
12817
12840
12836
12852
12871
12900
12915
12924
12952
12986
13011
13029
13048
13076
13095
13100
13108
13107
13101
13096
13096
13098
13099
13103
13109
13120
13124
13143
13154
13174
13172
13152
13131
13117
13123
13129
13141
13153
13183
13215
13248
13254
13250
13242
13243
13247
13254
13244
13247
13248
13266
13279
13292
13308
13314
13323
13334
13339
13346
13348
13355
13359
13365
13374
13395
13429
13456
13475
13481
13489
13493
13494
13508
13525
13542
13560
13579
13601
13612
13615
13621
13642
13667
13686
13690
13697
13698
13702
13709
13725
13775
13817
13857
13871
13887
13880
13858
13838
13857
13864
13879
13878
13903
13914
13927
13912
13902
13890
13893
13911
13931
13951
13943
13928
13915
13916
13928
13944
13953
13952
13949
13949
13931
13911
13893
13891
13894
13895
13902
13909
13909
13906
13899
13912
13938
13958
13951
13951
13956
13981
13996
14016
14033
14047
14053
14091
14124
14160
14172
14193
14216
14212
14200
14191
14202
14221
14235
14247
14245
14249
14253
14269
14289
14309
14324
14334
14342
14358
14374
14397
14414
14428
14435
14449
14453
14456
14449
14448
14437
14429
14440
14456
14466
14488
14518
14550
14551
14563
14573
14596
14609
14626
14632
14639
14644
14643
14641
14651
14663
14674
14667
14666
14665
14683
14696
14731
14754
14775
14770
14758
14759
14735
14718
14685
14683
14683
14692
14699
14703
14715
14727
14736
14732
14736
14730
14730
14744
14773
14834
14876
14914
14927
14937
14966
14984
15005
15013
15020
15018
15009
15001
14999
15001
14993
14986
14981
14988
14995
15001
15001
15000
14993
15000
15005
15002
14991
14982
14985
14991
15000
15015
15028
15036
15027
15013
14980
14967
14960
14983
14998
15011
15013
15036
15057
15080
15084
15093
15103
15116
15131
15151
15169
15184
15189
15183
15176
15179
15196
15231
15258
15294
15311
15349
15377
15426
15468
15495
15530
15554
15587
15627
15664
15689
15680
15674
15683
15706
15728
15758
15764
15770
15765
15768
15767
15763
15759
15766
15793
15806
15812
15792
15809
15851
15924
15976
16003
16008
16009
16017
16029
16049
16091
16138
16185
16208
16222
16232
16238
16245
16263
16281
16300
16303
16306
16310
16326
16339
16360
16390
16423
16441
16442
16442
16457
16471
16483
16484
16487
16490
16505
16519
16530
16519
16516
16528
16569
16613
16647
16662
16677
16673
16658
16625
16639
16666
16706
16716
16735
16739
16745
16738
16736
16744
16757
16742
16722
16719
16752
16790
16808
16809
16811
16831
16870
16894
16898
16893
16890
16887
16883
16879
16880
16884
16888
16889
16892
16897
16906
16913
16939
16966
16986
16989
16985
16997
17005
16995
16973
16969
16983
16975
16951
16927
16925
16924
16926
16935
16943
16946
16945
16942
16946
16948
16952
16954
16950
16926
16909
16898
16894
16882
16872
16873
16882
16887
16885
16871
16857
16869
16885
16899
16929
16965
17008
17015
17027
17047
17075
17092
17100
17098
17091
17054
17022
17006
17012
17031
17007
16985
16947
16942
16939
16944
16946
16952
16953
16956
16959
16946
16941
16927
16945
16964
17009
17058
17088
17101
17097
17109
17116
17134
17148
17159
17151
17136
17127
17083
17040
16999
16998
16999
17003
17005
17009
17010
17016
17022
17033
17041
17038
17031
17014
17016
17018
17038
17056
17073
17063
17047
17031
17035
17047
17081
17115
17156
17173
17199
17212
17259
17296
17341
17352
17358
17361
